100
62 36 42
1 3 3
62 30 59
62 52 41
68 67 9
23 27 45
42 28 52
51 61 31
70 62 32
58 24 57
66 43 58
36 19 40
64 56 31
70 52 69
44 47 23
43 33 12
29 12 20
41 48 57
44 51 20
48 54 48
55 52 23
47 66 54
40 36 51
56 21 65
45 36 68
11 37 29
51 64 26
69 69 20
48 70 29
36 47 25
44 44 48
46 69 24
45 70 43
65 45 63
39 41 31
14 17 30
11 64 67
19 63 63
42 66 67
41 58 49
56 61 31
34 31 8
66 22 53
49 51 21
25 35 50
51 66 27
14 57 50
43 28 68
22 62 54
22 57 42
38 42 29
40 70 43
20 23 31
40 14 43
17 45 32
56 52 63
37 44 41
64 64 67
58 61 53
15 41 53
14 64 55
19 22 19
11 10 17
41 44 68
51 51 27
37 67 33
38 48 35
65 35 32
67 55 37
30 66 57
70 50 32
20 39 55
8 51 56
58 55 8
11 40 35
46 37 24
30 10 33
57 64 61
20 60 47
26 16 13
19 36 34
49 66 60
39 33 60
39 60 70
69 61 32
29 41 47
63 60 49
26 48 43
58 68 70
27 36 56
55 49 18
46 56 53
44 27 40
43 24 66
58 31 70
58 67 33
54 64 36
60 56 67
59 68 69
61 65 26
