1 3 3
46 69 24
14 17 30
43 24 66
11 10 17
26 16 13
29 12 20
11 37 29
34 31 8
43 33 12
8 51 56
30 10 33
15 41 53
19 22 19
58 55 8
11 40 35
17 45 32
23 27 45
20 23 31
40 14 43
65 35 32
43 28 68
37 67 33
14 64 55
20 39 55
14 57 50
19 36 34
68 67 9
36 19 40
11 64 67
22 57 42
20 60 47
27 36 56
44 51 20
25 35 50
46 37 24
55 49 18
36 47 25
66 22 53
49 51 21
48 70 29
44 47 23
44 27 40
38 42 29
26 48 43
39 41 31
19 63 63
29 41 47
56 21 65
22 62 54
42 28 52
51 64 26
39 33 60
55 52 23
38 48 35
51 51 27
51 66 27
58 24 57
69 69 20
40 36 51
45 36 68
37 44 41
70 50 32
62 36 42
40 70 43
51 61 31
61 65 26
30 66 57
41 44 68
64 56 31
62 30 59
58 31 70
56 61 31
44 44 48
45 70 43
58 67 33
41 48 57
54 64 36
69 61 32
67 55 37
41 58 49
70 62 32
62 52 41
48 54 48
46 56 53
39 60 70
66 43 58
47 66 54
42 66 67
65 45 63
56 52 63
49 66 60
63 60 49
58 61 53
60 56 67
57 64 61
70 52 69
64 64 67
58 68 70
59 68 69